1.647584788049084870e-02 -3.086725579902780889e-02 2.184594051227194481e-02 5.098039742757345949e-02 1.647037095006335938e-01 -2.386035718758332813e-01 -1.079828537306413011e-01 3.609875517984061366e-01 -6.204767762230392059e-01 -1.862503381584326434e-01
-1.365255657932669744e-02 -5.195499766894384058e-03 -2.582806724449647831e-02 1.682966289384571143e-02 1.275488918747393341e-01 6.682281982949951626e-02 3.571840754947980950e-02 -1.029425646426851693e-01 -6.293461398423004505e-02 -5.195128416859765702e-02
2.641847080334023407e-02 1.375534183947077320e-02 3.939332887878917167e-02 2.626605334243449219e-01 7.383207719209592193e-03 -1.166751415703297656e-01 -6.233122935825146510e-02 2.642341227411925675e-01 -6.034236477391553555e-01 -2.700511241145723829e-01
7.223356442313560999e-03 1.930899843178192701e-02 -3.014199145316700038e-03 -1.539905250546481363e-01 1.157506411165211135e-01 -1.190773317953894295e-01 -4.753643296094826887e-02 1.276901695750691512e-01 -2.255053094021620963e-01 -6.973835973595342297e-02
-2.062846796456765663e-01 3.757030128685313452e-03 1.915777723467272653e-02 1.891562673991808996e-02 1.570146077231537041e-01 -1.768098641591463877e-02 -2.562095377940937918e-02 1.358629517030395806e-01 3.125259304399760074e-01 -7.690498424521341470e-01
1.601297002572019471e-02 2.507767285328100781e-01 -1.600266646181271180e-01 -8.248468321206900433e-02 -2.917647879122542975e-01 1.737603752889388398e-01 6.867669752430800856e-02 -9.684354481148869931e-02 -3.122239486121036744e-01 -6.077828974253977057e-01
-5.036131123507109168e-03 -4.394080819330434089e-03 -2.827887448125160352e-02 -3.309773967384715965e-01 2.892499184180696292e-01 -2.889324360566060124e-01 -1.181173292628428101e-01 3.234175356059456607e-01 -4.314471270811409132e-01 -6.585743747604284881e-02
1.411136375412336795e-02 -1.340079751345890635e-01 8.394295149609554141e-02 4.722148776022658256e-01 -6.713397045969855814e-02 -3.862088521554427750e-02 -4.488439053748492780e-02 2.379264215528227866e-01 -3.455835411708053639e-01 -4.146765163123126707e-01
-2.288897892263193345e-02 6.460384465915784691e-03 -4.151822521975468971e-01 -1.825799342072149667e-01 -2.746302775585464095e-01 1.971888279275178790e-01 6.585873866892065498e-02 -6.444641565232496483e-02 -1.579399858453175431e-01 -6.811182310673368212e-01
-2.917879505131609763e-01 1.238231354938326700e-01 3.398018336007548879e-01 4.089689201961865805e-02 1.888929919154102299e-01 -1.498432581292376276e-01 -3.793834583812319416e-02 4.391393198867409725e-02 3.013585762489924269e-01 -6.495071076921543618e-01
1.133729678437818758e-02 -7.045535248778535264e-02 5.272036915619751629e-02 3.440877343284653445e-01 -2.389753758275891052e-02 -5.716939598736917733e-02 -4.471368125105387725e-02 1.679600266957295973e-01 -3.570636374245809153e-01 -2.482333346072578273e-01
2.331318010229305442e-03 -4.563625837547641284e-02 1.132497533376953247e-01 5.319111575641142231e-01 -1.424450101808421576e-01 -3.316640634538294691e-02 -3.805654229460848220e-02 2.391687998018763583e-01 -5.678562140595090346e-01 -4.485601414625038363e-01
-1.460468638439905639e-02 -8.065177833379073846e-03 -1.638826243443185920e-02 3.872270498838292774e-02 2.449012564131469172e-01 1.454672106235053164e-01 6.822217054749642184e-02 -1.630769777191712899e-01 -1.242126813265193169e-01 -4.265079923359616637e-02
2.931280755250602610e-01 9.487824843486938886e-02 -1.461707525330385171e-01 1.162956710275363653e-01 3.009115825243020015e-01 -2.968987159573785103e-02 -4.986716122958619046e-02 2.413871434877751798e-01 4.099552692202238502e-01 -5.798166272596076976e-01
-4.030836284794984785e-03 1.220960901005460099e-02 -2.331344141874967801e-02 -2.329992103616795041e-01 1.758679111082536994e-01 -1.654421625796873019e-01 -6.594127393831661355e-02 1.744687542710257055e-01 -2.412405639682927427e-01 -4.063526946646256466e-02
9.543157047319272834e-02 2.775499668031068956e-01 1.354668051862638889e-01 1.447977307662258184e-01 3.343806556536741970e-01 -9.194201144746817767e-02 -5.957937851493796955e-02 2.091909289880497236e-01 4.049375102770083612e-01 -5.175844728939913431e-01
5.403682101150446976e-02 -2.384602125957897001e-01 -2.645250029463825370e-01 -5.877028901676121381e-02 5.245325024359446392e-02 3.369881134701645936e-02 -6.645888443395788804e-03 1.009652355808593333e-01 2.474760212484068689e-01 -7.444157142879526123e-01
2.152546640608819228e-01 1.148918804158361867e-01 -9.320184534853680203e-02 1.219071012875713039e-01 2.928425243157641300e-01 -3.649732325837395930e-02 -4.984075397549064118e-02 2.345857023556962850e-01 4.005584786692808485e-01 -6.109205495156074806e-01
3.421481728875867129e-02 3.739044341880632272e-03 4.043037869425768899e-02 6.078300340177594796e-02 -1.854960304244506267e-02 1.492475858711407588e-02 9.428925481977283932e-03 -1.325082839309761618e-02 -1.323726936052517233e-01 -1.020423771685256137e-01
7.481129272346800051e-03 -4.016439755004310580e-02 7.664883830421967241e-03 -1.662636964947321327e-01 2.634303462598309720e-01 -3.052376327970531822e-01 -1.301011196616370935e-01 3.858966652266686559e-01 -5.691215471094587253e-01 -1.255535818540578497e-01
1.976943381100328134e-02 6.018655898799937787e-02 -1.419383275545816475e-02 2.431274017097854664e-02 1.814247133649504184e-01 1.458226294255088595e-01 6.215315985330584908e-02 -1.548783321209831754e-01 -1.944790884430968592e-01 -9.707485391168850508e-02
1.336891301807553722e-01 1.552885388340504436e-01 1.787834065956144802e-01 -1.451563049738741062e-01 -2.702079953728274142e-01 1.240049862688733101e-01 6.939191154502714898e-02 -1.944318213591520184e-01 -3.196698984160218915e-01 -5.635082883956600286e-01
7.992217521261348046e-02 -2.152568311985255389e-01 -3.345432881172949457e-01 7.048751084747437168e-02 2.489461467010720130e-02 7.324144856787588587e-02 -1.033315919078906485e-02 1.574702829459568021e-01 1.173573798379922151e-01 -5.191438450940049076e-01
-8.780430595337024996e-03 1.862153883254084527e-02 -8.136126856138256591e-02 5.961139250538421280e-02 8.560018412150234915e-03 -2.634285976251575234e-01 -4.496630639435628130e-02 -2.064784841990627284e-01 6.880624725119971995e-03 -6.101426947530790706e-02
-2.899285765867901099e-01 -6.643627468641348510e-02 1.408555538669863660e-01 -9.955313708365652603e-02 2.565241584263722174e-02 -9.899870875512317009e-03 -4.315570669840023202e-03 1.515294418336848165e-02 2.110881398402952025e-01 -8.313078472099745264e-01
3.821545385205721984e-02 -3.759903621226726167e-02 3.084058356595352490e-02 3.100033978611299937e-02 4.364152368103799695e-01 2.450814512077234830e-01 1.263291749355589244e-01 -4.361810018303667325e-01 -2.644807667620082126e-01 -1.832346025735996364e-01
-2.044556131586246495e-01 3.956468149751988031e-03 4.226130039460421206e-01 -2.200945785365593724e-02 5.376945125924291469e-02 -1.256824939169769173e-01 -2.220154486435618399e-02 -5.683398081769067134e-02 1.557744614458492494e-01 -6.832423864014769421e-01
-2.765212256330019784e-04 1.341189339626094532e-02 -8.632056932137081862e-03 -4.573589470178210381e-02 3.565802385488395232e-02 -2.522744956464910426e-02 -1.040507752160782333e-02 2.792295638521319345e-02 -5.496135027666870787e-02 -1.266553344043366489e-02
1.366462719440330320e-01 1.075450514720986406e-01 8.253258917629807678e-02 -9.886450795514979684e-02 -1.322540555082983016e-01 8.423458794868154964e-02 2.149753400213433308e-02 -1.968942732323571421e-01 -2.483298161670785542e-01 -3.542227888045000328e-01
-8.428146986432490106e-02 -1.300154379087074541e-01 -2.454945984681493609e-01 -5.418731330476374286e-02 -2.398495461816758066e-03 8.304181680381059194e-02 5.589122022483868253e-03 9.931980795076988944e-02 1.799529395276592836e-01 -8.181962393941734080e-01
-1.218215297236158456e-01 -1.239808043548659561e-01 -2.958573771863493018e-01 -1.758281036567833910e-01 -1.308282234216106010e-01 1.176825387169787712e-01 3.558751585824770913e-02 -2.384924457566066705e-02 3.650076221805714088e-02 -6.555481932217540608e-01
2.092803258501064745e-01 -1.122158432305244702e-01 -2.766703542521332104e-01 4.988210169984636649e-02 1.935289029381506709e-01 1.230375126504637019e-02 -3.137099701890076059e-02 2.049289422489400381e-01 3.481327007429392273e-01 -6.665296479450169009e-01
-1.341966684497929718e-01 8.915540351846303058e-02 2.097937973864387184e-01 5.677500527317356355e-02 2.392655040013538237e-01 -1.166814232690715492e-01 -4.514131597524332490e-02 1.164822996421815415e-01 3.711523928702326613e-01 -6.845390961275055197e-01
-5.598215465927954687e-02 -2.084464051661498452e-01 -2.539804348092215558e-01 -1.345594646293215568e-01 -1.015431571841751701e-01 1.010209090566058926e-01 2.358300291705349785e-02 2.575089721939955584e-02 1.025648769034867708e-01 -8.250352630986294011e-01
3.028296126560638402e-01 3.612323329829109086e-02 -1.760448277464817246e-01 1.446512292136447886e-01 2.659481186513865114e-01 -9.534487997090175526e-03 -4.753363196292028497e-02 2.527847232168687341e-01 3.554455701596754280e-01 -5.561421770110642759e-01
-1.511794821509830807e-02 2.580642756721731809e-02 -9.491512630052718891e-02 7.500788496343888112e-02 3.625851396104647073e-02 -3.524232169475648990e-01 -4.222412923899128250e-03 -3.266024325339245138e-01 -2.445214967657660318e-02 -1.277837975027742712e-01
-1.035662190074074229e-02 -2.086322756221245522e-02 -1.377829676395974853e-02 3.848281871665056031e-02 2.537334760512803822e-01 8.640593931302197050e-02 7.162954101919556671e-02 -2.526597002931216251e-01 -1.212057438081367983e-01 -9.592912385811870613e-02
-6.825209936463214055e-02 2.302674508560379751e-01 1.617971028708124481e-01 1.745199022730846983e-01 2.906760518152088912e-01 -7.866414949857532257e-02 -5.687019274489912846e-02 2.193671069911213856e-01 3.565935965760086424e-01 -6.161390597526525958e-01
2.706016190915635621e-03 5.853771144839896995e-02 -3.459172221176996798e-02 -2.213195324186739699e-01 1.796782799739675140e-01 -1.624239718541269084e-01 -6.618862869490924061e-02 1.908929593293083038e-01 -3.319433205832192924e-01 -7.578296695670197480e-02
-1.335879062273597206e-01 -1.571379940126228780e-01 -2.267315809867793130e-01 -1.308560468717631653e-01 -8.382598051638585901e-02 1.008270220187900135e-01 2.198318800731570780e-02 2.859983797577997366e-02 1.060749728143266235e-01 -7.806427365238707283e-01
1.623240945019574499e-02 -1.168364858500423320e-01 8.353497536440333826e-02 3.398483255249192259e-01 5.804136323956680943e-02 -1.751003142282440417e-01 -9.067638652950012201e-02 3.366291189749495705e-01 -5.537721481738655527e-01 -2.308689540220102976e-01
-3.312801478691637311e-03 4.469300638006747095e-02 -3.879572860165794723e-02 -1.531832012855031955e-01 1.485025550890314294e-01 -1.346975370813128514e-01 -5.678268256474415521e-02 1.720876334623219484e-01 -3.203714865026460745e-01 -9.337521294842354713e-02
-2.404681680581478159e-02 6.524468250850316842e-02 -1.460139570509356444e-01 -1.453205359487317327e-01 -2.770704302586363688e-01 1.700626787783763305e-01 6.107087511237822841e-02 -8.160101978478245810e-02 -1.841268369719491760e-01 -7.544554607933192658e-01
2.724249912947609206e-03 4.551849344420974552e-03 -2.425763796181529611e-02 -2.829489525805978234e-01 2.985719677139662132e-01 -3.111587682323885273e-01 -1.290376329861973870e-01 3.723560451068327892e-01 -5.651535663956248623e-01 -1.200406660321038932e-01
1.506783608291659415e-01 5.109068431753308742e-02 8.097228524209071354e-02 -5.916220553757522288e-02 -4.816333867235081390e-02 -8.921572048703561852e-02 4.171075959608681882e-02 -3.039305001965894593e-01 -1.966348343135402021e-01 -2.749446891171852814e-01
-7.202386278219960469e-02 7.562475167606680371e-02 -9.568511440724373476e-04 5.330766096555867445e-02 2.220087506939587285e-01 -5.183540468319946387e-02 -3.717151496897180135e-02 1.552191707887008443e-01 3.643882137206045924e-01 -7.217026817657226090e-01
-5.462776712749846039e-03 4.967308591432723769e-02 9.385505181897893512e-02 2.808400293342916756e-02 9.309536420974386106e-02 -1.612009770502162709e-01 -2.508715331544921281e-02 -5.492023438816147352e-02 1.377566053684932401e-01 -2.225035967697243933e-01
-1.197856377617041577e-04 7.920067143755114836e-03 -6.466026390971028708e-03 -5.717350890376424188e-02 4.302203928660348897e-02 -3.854319772634971775e-02 -1.567510774187374709e-02 4.190239855977333921e-02 -6.613428810832504279e-02 -1.411421811207037337e-02
-2.233548083088261194e-01 1.029790341969839262e-01 1.836279852454725803e-01 8.804600122766488568e-02 1.996371924825093569e-01 -5.790846838053616275e-02 -4.604356828416288072e-02 1.458487250514061417e-01 2.944617908105897075e-01 -6.469430108085322262e-01
4.881716490933285524e-02 -1.199794349249850255e-02 -5.071726035675236388e-02 5.074912782950856405e-02 -8.913759990985620218e-03 -4.014044686370400461e-01 -2.044830235853386732e-02 -3.561697402751111685e-01 -1.911875186100099600e-02 -1.477173274271186276e-01
-1.724706413442111397e-01 1.442773233520607268e-01 2.915266453652848311e-01 1.196634906605960752e-01 1.994941768886141775e-01 -1.015197163024535443e-01 -4.686681261019982198e-02 1.186851850170900918e-01 2.573169838854714175e-01 -5.737720685794589492e-01
-6.925568725758228517e-02 -7.808269804260854589e-03 1.388225016492810326e-01 3.435820773601819256e-01 -2.205994690811157160e-03 -5.140849165607393190e-02 -3.383794186485517691e-02 1.511340062685365138e-01 -1.763978254437193749e-01 -4.333308513376474269e-01
-1.511189919450774966e-01 1.864538207489735422e-01 2.657288806009433513e-01 1.130376655601054992e-01 2.627086536436777919e-01 -1.137625345995603027e-01 -5.112251294272086855e-02 1.460330058184497182e-01 3.517948327665358366e-01 -6.234336714785519984e-01
5.451367257982349390e-03 9.194799208399780099e-02 -3.070767847481675750e-02 -2.713380304903722021e-02 1.543247309622481668e-02 2.988554766874368038e-02 1.224325001201449943e-02 -2.457850925730069996e-02 -8.815642860363422095e-02 -4.792838742484321901e-02
-2.121365049858859875e-01 1.109171468010897513e-02 1.553360979822988319e-01 1.723758660873000656e-02 1.780213736101038668e-01 -6.490614031675100148e-02 -3.317711061214388690e-02 1.158605793043563370e-01 3.395327147463632622e-01 -7.884356202344225961e-01
-2.566622163062016182e-01 -2.298649561709073530e-02 2.682264637374986646e-02 3.140216369584548917e-02 3.733903970898698032e-04 4.428126680627878647e-02 -5.765376231185397223e-03 1.056442107820385889e-01 1.291945122451630401e-01 -8.404902196203934972e-01
-1.837361516495789396e-02 1.710097858328800749e-02 -9.327624618466544282e-02 7.550010378263639910e-02 4.174856515490528441e-02 -3.521006392854945655e-01 -4.435088000241910883e-03 -3.152901361034877725e-01 -1.027416847829986518e-02 -1.243016689021844978e-01
2.504248628763170587e-03 1.788686070249610044e-02 -2.798879169685285218e-02 -2.336205532670261320e-01 2.633537907947550716e-01 -2.721039018141899746e-01 -1.134590833649570391e-01 3.346547581097454316e-01 -5.384477151525391969e-01 -1.263433330925605724e-01
-3.703894492900731139e-01 8.737027917934296617e-02 2.975884843931593249e-01 4.997628277851731693e-02 6.057473436366921093e-02 -6.069401515181973433e-02 -1.615123364345996682e-02 3.967228759323487147e-02 1.462252558419071258e-01 -7.486037021071176856e-01
-3.897120755231596456e-02 -1.013839513132993586e-01 -2.605756569097792408e-01 -1.002566804623725993e-01 -1.739836804465062781e-01 1.418027534216264873e-01 3.533298058207252901e-02 1.198776882038049552e-02 -2.454351717579827605e-02 -7.981115333943562540e-01
3.642814348034067451e-01 1.527460499770230962e-01 -9.569462598742477233e-02 1.573554233893847409e-01 3.238745731258239058e-01 -4.112756857374490205e-02 -5.591110814919371397e-02 2.578723273038997510e-01 4.065112278306458604e-01 -5.464579844312140722e-01
4.924875322098144596e-03 1.928117697277758474e-02 -8.234330773173391405e-02 6.371638868055884419e-02 1.115070257684979901e-02 -2.696672539346721686e-01 -2.279274540103868804e-02 -1.938221181687342365e-01 1.290010282216960159e-02 -5.923992626578476750e-02
-1.332947212820729263e-03 1.210184867298928563e-05 -1.151313416825697385e-02 -1.224444308499356704e-01 1.042294568319529074e-01 -1.023479513484713832e-01 -4.202057577105809683e-02 1.137738138338438287e-01 -1.490533698566726406e-01 -3.154424675945031314e-02
-7.361358002060494621e-02 -1.106611710550476080e-01 -3.234604663800474400e-01 -1.616124605962195038e-01 -1.599947399543279747e-01 1.347881751658284166e-01 4.162726205927081563e-02 -2.531272323200474406e-02 -1.194089713676256938e-03 -7.142471021613333582e-01
-4.480621340331636393e-02 3.607056274443899979e-01 -8.826183780683556634e-02 -7.648576358691167032e-02 -3.062866071837867521e-01 1.771347788466416939e-01 7.561275055695854119e-02 -1.162138723870052709e-01 -3.680735532030596224e-01 -6.456855889057481201e-01
5.066061299287361128e-04 -2.142845899592361880e-02 -4.782305173666298939e-03 4.962256602703209174e-02 3.754838627579568655e-01 2.261823286226926910e-01 1.083401350128986446e-01 -2.848083934325559285e-01 -1.984218926209848355e-01 -8.586610928318035019e-02
1.672637997457473644e-02 2.715425310744661869e-01 -1.690656735237355823e-01 -1.003070605079671024e-01 -3.398798101357191626e-01 2.067318426983609236e-01 7.841436369814018537e-02 -1.090412078945120627e-01 -3.521681385695996092e-01 -6.911224583441810676e-01
1.454756748351748175e-01 -1.635067314003499639e-01 3.511536827219982615e-01 -2.092389524383779509e-01 -1.205908510645990472e-01 -1.286418270009511144e-01 2.459729860612911139e-03 -3.099991546703831924e-01 -3.579524276175278380e-02 -5.079686176173927592e-01
-3.545616477289702528e-01 1.142054050080513750e-01 2.747275491834776928e-01 8.177587552519982594e-02 1.362947864512966123e-01 -7.731700544994948854e-02 -3.291626571679607399e-02 8.951029213293276721e-02 2.235241194411218268e-01 -7.141026719053339411e-01
1.349666466668096587e-01 1.587987006105906207e-01 5.316774744570378769e-02 1.961758535469424747e-01 3.012357884826020182e-01 -5.391422902830941138e-02 -5.915084117152422799e-02 2.610338041614128080e-01 3.709020651889193276e-01 -6.256999700829589672e-01
2.020007110577830972e-02 -5.899334139558318896e-03 2.359015412256044997e-02 2.763981520520873980e-01 5.137296791143232053e-03 -9.629204960314813322e-02 -5.418094269597999862e-02 2.347924415971063272e-01 -4.937022513192280138e-01 -1.871443365188723285e-01
-2.159307900228842059e-01 5.238072963058982429e-02 6.188409474307615676e-02 -8.236232925613274844e-03 1.466987111159675505e-01 -6.518239666463336579e-02 -2.447924194534308734e-02 6.787257912980078356e-02 2.870221090128871611e-01 -6.430498554832828617e-01
-1.843274780159402789e-03 1.092584416039704687e-02 -1.622482620464772013e-02 -8.725327303912053245e-02 1.091839457708989186e-01 -1.096630522594918972e-01 -4.667535699834629570e-02 1.418521191898479139e-01 -2.308925228527244911e-01 -5.576635980898501932e-02
-4.901764841615468410e-02 2.067011849517741418e-01 -2.210273796783511213e-01 -1.047298168308925942e-01 -3.045414708282793703e-01 1.870247368437404356e-01 6.775867964470440319e-02 -7.007912072887820254e-02 -2.531873380741792579e-01 -7.339204386054475338e-01
-1.739975883548372793e-01 -9.958815864746158042e-02 -1.402314717470267980e-01 -1.291817722418575343e-01 -7.485460986277830964e-02 8.550235799794894676e-02 1.318259786062981123e-02 -9.318351333015320939e-03 7.670762630104202562e-02 -7.348759396447158698e-01
-2.019505973390464150e-03 -5.913267202948077617e-02 -1.871516901456858062e-01 -1.783345308345186120e-01 -2.146394881883759431e-01 1.344598767187792920e-01 4.983755564057541776e-02 -8.678619376567867083e-02 -1.001861856894860486e-01 -5.874953842150253402e-01
3.626982238782716639e-01 3.100770036499042245e-02 -1.856757078278785111e-01 1.254453777323288610e-01 2.904466914867341321e-01 -1.633340880942992651e-02 -4.986723239920099610e-02 2.511443519082983133e-01 3.897842762398197602e-01 -5.366965783360138076e-01
-1.843919307300748156e-02 -2.835625060637994577e-01 -3.437942786744153101e-01 -1.260268533678978453e-01 -4.704617298996197766e-02 8.254743979383208363e-02 1.438671658245172652e-02 4.821272666054771117e-02 1.559122006226195123e-01 -7.273400715555794482e-01
3.052353553879752490e-01 2.765492580578887138e-01 2.460482636019385716e-02 1.678420333528926334e-01 3.263058498305836386e-01 -6.761244464530007103e-02 -5.677328368175380002e-02 2.257187977815008906e-01 3.725595040084046516e-01 -4.438188256099287465e-01
3.339885645412605381e-02 -3.167935639578607632e-02 5.518312482017604520e-02 2.450529219975476902e-01 3.402002396952927277e-02 -1.368913244581802524e-01 -6.926745955544197364e-02 2.691438734783729303e-01 -5.465361967515921515e-01 -2.034995027519090893e-01
1.167244498963195959e-01 -1.252587401545369183e-01 4.747279209237569297e-01 -2.224690134576046974e-01 -1.567830875607238994e-01 -4.202660040171327105e-02 3.294544146954103692e-02 -2.895634681318232651e-01 -1.039450011886821484e-01 -6.095008899198692820e-01
-1.953812334978732509e-02 -3.054042567569240779e-02 -2.453547821638466658e-02 4.044227248276762582e-02 2.860900877283908406e-01 1.449563698075904128e-01 7.403557454289520778e-02 -2.308053615889834598e-01 -1.250538178612954909e-01 -8.087949055257019626e-02
2.582422377020450743e-01 -4.433784929303043187e-02 -1.750135126764831572e-01 1.221409566065545238e-01 2.344409678037488454e-01 -6.931690372299440309e-03 -4.353318027165482829e-02 2.391100366429141644e-01 3.503287692453512792e-01 -6.346657322998532358e-01
-1.019435864117442490e-02 -1.874458112346964397e-02 -3.386646250049585999e-02 2.298935438345834914e-01 -7.720184140829632058e-02 6.968709114822082412e-03 -1.097375708012650330e-02 1.112138335366567032e-01 -2.307485868958403796e-01 -2.583936363287206994e-01
6.396691056383237628e-04 5.231533501402121228e-03 -2.444602010132009354e-02 -2.809762037117761180e-01 2.925552355034762297e-01 -3.040048056683202771e-01 -1.260491420887084879e-01 3.627273215327885825e-01 -5.499926841129697541e-01 -1.200655376121007450e-01
1.533732166199352131e-03 -2.453188230790833563e-02 -1.139049508177665364e-02 -2.423084279810658326e-01 2.803415917535231339e-01 -3.033770491908373557e-01 -1.270406992947821223e-01 3.656264833869717346e-01 -5.167431357782912293e-01 -9.852641788685016777e-02
-6.151380393381420016e-03 8.885982174193366931e-03 -4.372836506324077194e-02 3.550957705621083510e-02 2.477508498109253637e-02 -1.240981020894343784e-01 -8.627958388373923107e-03 -1.156176558200798926e-01 -5.562630570520959300e-03 -2.801562923745083353e-02
1.177852082157897218e-01 -2.642755700486700277e-01 -2.753821743862431282e-01 -2.137495837227475909e-02 1.029700933423075421e-01 2.375294338169677000e-02 -1.837227697410160135e-02 1.357251744352303280e-01 2.739959640749499159e-01 -6.274835332800611232e-01
1.474683851387325606e-01 -1.424966439999823808e-01 1.973695525953374219e-01 -7.093160487553093474e-02 -4.903429645342254756e-02 -2.203039735621653283e-01 -2.040628509334401972e-02 -2.654108298152528245e-01 -2.283210869622312022e-03 -3.028034270320634214e-01
7.250452488853974253e-02 -1.256786633949644461e-01 2.195090241258352837e-01 -9.652732702135514986e-02 -1.508841848432487462e-02 -1.123766617422111147e-01 -7.314197831080905196e-03 -1.904543691702883235e-01 2.283867717646994797e-02 -3.084128448499899311e-01
-7.004534119254700493e-03 2.108308015518039688e-02 -3.947377705388119273e-02 -3.719512843548488656e-01 2.911810540274594739e-01 -2.749786279599755190e-01 -1.103390096341638899e-01 2.983731825086698430e-01 -4.073609143414175238e-01 -5.919406190181693284e-02
-1.777410882837641287e-02 3.872559615977168024e-01 -1.969047901157978953e-01 3.295271001619949625e-02 -2.822285611294519936e-01 1.815125442325951355e-01 6.164413496327487280e-02 -4.164430214663843166e-02 -4.173250425973242805e-01 -5.044180797914240566e-01
9.963686497676031706e-02 -1.258341368854048181e-01 -2.051984475752457737e-01 1.217510314100250374e-01 1.408485731620086612e-01 2.453023003492676990e-02 -3.071635151302974653e-02 2.180564097105426036e-01 2.567902087452360038e-01 -6.945637931593592329e-01
1.631457076589609007e-02 1.574344801542410244e-01 -4.694084131269078697e-02 -3.731704419630025443e-02 -3.257513497002082793e-03 4.640467683441064362e-02 2.025262883223364480e-02 -3.696898944437787549e-02 -1.510017583434218602e-01 -9.277077557246236894e-02
2.287520146313809857e-02 -1.042130120814148270e-01 3.057051618313717453e-02 3.793149766147785873e-01 -2.220838308231139202e-02 -7.527842748254047478e-02 -5.094340516672286878e-02 2.303363475168321572e-01 -3.771251372213447750e-01 -2.016999732753793073e-01
3.515384005792221173e-04 2.875452409667028295e-02 -3.697600537673535748e-02 -2.826670929331233650e-01 2.674982552883769515e-01 -2.689095420973412476e-01 -1.118568994910554004e-01 3.228530068409011244e-01 -5.151562419221499267e-01 -1.241707394353940841e-01
-2.047895560697335013e-02 3.525094256159382738e-02 -1.596981324708776073e-01 1.138556157743199349e-01 6.929120642430663772e-03 -5.679109480619332073e-01 -2.407141284539152104e-02 -4.376192289285221193e-01 2.576712323317064627e-03 -1.447639247465842827e-01
1.413818582383594494e-02 1.272879051677134887e-01 -3.527451715330580384e-02 2.383448386827724530e-01 -2.689303634682347899e-01 1.045216807242970863e-01 2.680024182194860188e-02 5.659879066273705572e-02 -4.363042567034467467e-01 -5.441158054629252616e-01
-5.958767789290888434e-02 2.063449135619849495e-01 -2.241768648244518158e-01 -6.706238080813002600e-02 -2.956799542649030110e-01 1.867042318246960320e-01 6.029605033027202882e-02 -5.352075846517267976e-02 -2.715863298660707303e-01 -6.425408530897458448e-01
-1.103335498908507295e-02 -2.028821666852826944e-01 -4.730193783680229358e-01 -9.042087403513032751e-02 -1.468824284709628891e-01 1.282200336229652182e-01 3.088791000711416795e-02 2.654759595950484038e-02 -3.787818734855288166e-02 -4.409408585445584450e-01
